_C_1116c_562ee496_24 84 0 40 0 0 ffffffff 0 ffffffff 
_C_1116c_562ee496_23 84 0 40 0 0 0 0 0 
_C_1116c_562ee496_17 cc 0 8 1 0 0 
_C_1116c_562ee496_b 8c 0 90 0 0 20202573 0 74613a20 0 64206461 0 636f6465 0 4465 
_C_1116c_562ee496_3 8c 0 28 0 0 65627567 0 64 
_C_1116c_562ee496_d 8c 0 90 0 0 20202562 0 52433a20 0 65642043 0 63656976 0 5265 
_C_1116c_562ee496_6 8c 0 168 0 0 20534f50 0 77696e67 0 6f6c6c6f 0 65642066 0 74656374 0 62206465 0 4e432025 0 74205359 0 72727570 0 3a20436f 0 52524f52 0 45 
_C_1116c_562ee496_32 8c 0 108 0 0 25640a0a 0 6e733a20 0 6374696f 0 616e7361 0 64207472 0 61696c65 0 616c2066 0 a546f74 0 a 
_C_1116c_562ee496_e 8c 0 90 0 0 3a202562 0 20435243 0 61746564 0 6c63756c 0 4361 
_C_1116c_562ee496_2 84 0 4f 0 0 0 0 0 0 0 
_C_1116c_562ee496_20 8c 0 238 0 0 3d20312e 0 73732021 0 75636365 0 74682073 0 64207769 0 75726e65 0 20726574 0 72202578 0 20616464 0 20616e64 0 61202578 0 20646174 0 77697468 0 61746120 0 69746544 0 3a207772 0 52524f52 0 3a2045 
_C_1116c_562ee496_27 8c 0 48 0 0 646f6e65 0 64252520 0 25 
_C_1116c_562ee496_2c 8c 0 c8 0 0 6e65210a 0 3a20646f 0 74696e67 0 20746573 0 63617365 0 64676520 0 45 
_C_1116c_562ee496_19 cc 0 8 1 0 20 
_C_1116c_562ee496_2e 8c 0 a8 0 0 6f6e6521 0 673a2064 0 7374696e 0 6d207465 0 616e646f 0 52 
_C_1116c_562ee496_1d cc 0 8 1 0 30 
_C_1116c_562ee496_1e cc 0 8 1 0 31 
_C_1116c_562ee496_2a 8c 0 280 0 0 2a2a2a2a 0 2a2a2a2a 0 2a2a2a2a 0 2a2a2a2a 0 2a2a2a2a 0 2a2a2a2a 0 2a2a2a2a 0 2a2a2a2a 0 2a2a2a2a 0 4553542a 0 4c4c2054 0 2a2a4655 0 2a2a2a2a 0 2a2a2a2a 0 2a2a2a2a 0 2a2a2a2a 0 2a2a2a2a 0 2a2a2a2a 0 2a2a2a2a 0 2a2a2a2a 
_C_1116c_562ee496_5 8c 0 10 0 0 2573 
_C_1116c_562ee496_8 8c 0 108 0 0 63746564 0 64657465 0 5f256220 0 44202562 0 74205049 0 72727570 0 3a20436f 0 52524f52 0 45 
_C_1116c_562ee496_4 8c 0 118 0 0 61772031 0 75742073 0 20302062 0 66666564 0 20737475 0 63746564 0 45787065 0 4f523a20 0 455252 
_C_1116c_562ee496_12 8c 0 a0 0 0 30782568 0 20202020 0 20202020 0 3a202020 0 44617461 
_C_1116c_562ee496_2f 8c 0 e0 0 0 73736573 0 64647265 0 72792041 0 756e6461 0 6720426f 0 636b696e 0 a436865 
_C_1116c_562ee496_f 8c 0 90 0 0 20202573 0 20202020 0 20202020 0 443a2020 0 5049 
_C_1116c_562ee496_22 8c 0 240 0 0 2025782e 0 65766564 0 52656369 0 25782e20 0 74656420 0 78706563 0 612e2045 0 20646174 0 7474656e 0 20777269 0 61746368 0 6f74206d 0 6964206e 0 74612064 0 64206461 0 20526561 0 524f523a 0 3a204552 
_C_1116c_562ee496_15 8c 0 d0 0 0 61746368 0 6f74206d 0 6964206e 0 31362064 0 20435243 0 524f523a 0 4552 
_C_1116c_562ee496_13 8c 0 8 0 0 0 
_C_1116c_562ee496_16 84 0 2 0 0 1 
_C_1116c_562ee496_29 8c 0 280 0 0 2a2a2a2a 0 2a2a2a2a 0 2a2a2a2a 0 2a2a2a2a 0 2a2a2a2a 0 2a2a2a2a 0 2a2a2a2a 0 2a2a2a2a 0 2a2a2a2a 0 2a2a2a2a 0 2a2a2a2a 0 2a2a2a2a 0 2a2a2a2a 0 2a2a2a2a 0 2a2a2a2a 0 2a2a2a2a 0 2a2a2a2a 0 2a2a2a2a 0 2a2a2a2a 0 2a2a2a2a 
_C_1116c_562ee496_35 84 0 8 0 0 0 
_C_1116c_562ee496_2d 8c 0 108 0 0 696f6e73 0 6f636174 0 6f6d206c 0 72616e64 0 206f6620 0 616e6b73 0 6e672062 0 65737469 0 54 
_C_1116c_562ee496_14 8c 0 c8 0 0 61746368 0 6f74206d 0 6964206e 0 43352064 0 3a204352 0 52524f52 0 45 
_C_1116c_562ee496_28 8c 0 8 0 0 a 
_C_1116c_562ee496_1c cc 0 8 1 0 4a 
_C_1116c_562ee496_1b cc 0 8 1 0 4b 
_C_1116c_562ee496_11 8c 0 a0 0 0 30782568 0 20202020 0 20202020 0 3a202020 0 454e4450 
_C_1116c_562ee496_c 8c 0 90 0 0 3a202573 0 64617461 0 66656420 0 73747566 0 556e 
_C_1116c_562ee496_25 84 0 10 0 0 1 
_C_1116c_562ee496_2b 8c 0 a0 0 0 61736573 0 67652063 0 67206564 0 636b696e 0 a436865 
_C_1116c_562ee496_18 cc 0 8 1 0 5f 
_C_1116c_562ee496_1a cc 0 8 1 0 58 
_C_1116c_562ee496_10 8c 0 a0 0 0 30782568 0 20202020 0 20202020 0 3a202020 0 41444452 
_C_1116c_562ee496_21 8c 0 1d0 0 0 3d20312e 0 73732021 0 75636365 0 74682073 0 64207769 0 75726e65 0 20726574 0 72202578 0 20616464 0 77697468 0 61746120 0 65616444 0 523a2072 0 4552524f 0 3a20 
_C_1116c_562ee496_7 8c 0 c8 0 0 653a2564 0 636b6167 0 77207061 0 67206e65 0 6976696e 0 52656365 0 a 
_C_1116c_562ee496_34 84 0 20 0 0 0 
_C_1116c_562ee496_30 8c 0 b8 0 0 6f6e6521 0 673a2064 0 7374696e 0 79207465 0 6e646172 0 426f75 
_C_1116c_562ee496_9 8c 0 118 0 0 63746564 0 65787065 0 65726520 0 64207768 0 666f756e 0 6e6f7420 0 454f5020 0 4f523a20 0 455252 
_C_1116c_562ee496_26 84 0 10 0 0 ffef 
_C_1116c_562ee496_1 94 0 20 0 0 1 
_C_1116c_562ee496_a 8c 0 90 0 0 20202573 0 20202020 0 74613a20 0 77206461 0 5261 
_C_1116c_562ee496_1f cc 0 8 1 0 78 
_C_1116c_562ee496_31 8c 0 280 0 0 2a2a2a2a 0 2a2a2a2a 0 2a2a2a2a 0 2a2a2a2a 0 2a2a2a2a 0 2a2a2a2a 0 2a2a2a2a 0 2a2a2a2a 0 2a2a2a2a 0 2a2a2a2a 0 542a2a2a 0 20544553 0 2a454e44 0 2a2a2a2a 0 2a2a2a2a 0 2a2a2a2a 0 2a2a2a2a 0 2a2a2a2a 0 2a2a2a2a 0 2a2a2a2a 
